data <-
list(t = c(7671L, 7713L, 7756L, 7799L, 7844L, 7887L, 7930L, 7972L, 
8015L, 8061L, 8104L, 8147L, 8190L, 8233L, 8275L, 8320L, 8362L, 
8407L, 8450L, 8492L, 8537L, 8580L, 8623L, 8666L, 8708L, 8751L, 
8796L, 8839L, 8883L, 8926L, 8971L, 9014L, 9056L, 9099L, 9143L, 
9188L, 9230L, 9273L, 9317L, 9359L, 9402L, 9444L, 9490L, 9533L, 
9576L, 9619L, 9664L, 9707L, 9750L, 9792L, 9835L, 9881L, 9924L, 
9967L, 10010L, 10053L, 10095L, 10140L, 10182L, 10226L, 10270L, 
10315L, 10358L, 10401L, 10444L, 10487L, 10529L, 10574L, 10619L, 
10662L, 10707L, 10750L, 10793L, 10835L, 10878L, 10921L, 10966L, 
11010L, 11052L, 11095L, 11138L, 11183L, 11226L, 11268L, 11311L, 
11358L, 11401L, 11444L, 11487L, 11530L, 11575L, 11617L, 11660L, 
11704L, 11750L, 11793L, 11836L, 11879L, 11921L, 11964L, 12006L, 
12052L, 12096L, 12139L, 12184L, 12227L, 12270L, 12313L, 12355L, 
12398L, 12445L, 12488L, 12531L, 12576L, 12620L, 12662L, 12705L, 
12748L, 12793L, 12837L, 12880L, 12922L, 12965L, 13010L, 13053L, 
13095L, 13138L, 13185L, 13228L, 13271L, 13314L, 13357L, 13402L, 
13444L, 13487L, 13535L, 13578L, 13621L, 13664L, 13707L, 13749L, 
13794L, 13836L, 13881L, 13924L, 13970L, 14012L, 14055L, 14098L, 
14141L, 14183L, 14228L, 14273L, 14316L, 14361L, 14404L, 14447L, 
14489L, 14532L, 14575L, 14621L, 14665L, 14708L, 14750L, 14796L, 
14838L, 14881L, 14923L, 14966L, 15012L, 15055L, 15098L, 15141L, 
15184L, 15229L, 15271L, 15314L, 15359L, 15404L, 15447L, 15490L, 
15533L, 15575L, 15618L, 15660L, 15707L, 15750L, 15796L, 15838L, 
15881L, 15924L, 15967L, 16009L, 16052L, 16099L, 16142L, 16185L, 
16230L, 16273L, 16316L, 16358L, 16400L, 16447L, 16491L, 16534L, 
16576L, 16619L, 16661L, 16703L, 16745L, 16787L, 16829L, 16871L, 
16913L, 16955L, 16997L, 17039L, 17081L, 17123L, 17165L, 17207L, 
17249L, 17291L, 17333L, 17375L, 17417L, 17459L, 17501L, 17543L, 
17585L, 17615L, 17645L, 17675L, 17705L), y = c(0.59109999999999996, 
0.60680000000000001, 0.58599999999999997, 0.58999999999999997, 
0.57599999999999996, 0.57550000000000001, 0.58750000000000002, 
0.55900000000000005, 0.55940000000000001, 0.53869999999999996, 
0.54900000000000004, 0.53900000000000003, 0.53779999999999994, 
0.54900000000000004, 0.54110000000000003, 0.54320000000000002, 
0.51459999999999995, 0.50980000000000003, 0.51729999999999998, 
0.53000000000000003, 0.54310000000000003, 0.53869999999999996, 
0.54910000000000003, 0.5554, 0.55569999999999997, 0.56230000000000002, 
0.56840000000000002, 0.57720000000000005, 0.57620000000000005, 
0.58960000000000001, 0.60529999999999995, 0.60389999999999999, 
0.6109, 0.62890000000000001, 0.63870000000000005, 0.63560000000000005, 
0.66220000000000001, 0.66059999999999997, 0.67659999999999998, 
0.65010000000000001, 0.65810000000000002, 0.65259999999999996, 
0.65259999999999996, 0.67259999999999998, 0.68710000000000004, 
0.68730000000000002, 0.67479999999999996, 0.69350000000000001, 
0.6966, 0.71050000000000002, 0.70379999999999998, 0.70530000000000004, 
0.70330000000000004, 0.68710000000000004, 0.6905, 0.66979999999999995, 
0.6462, 0.63800000000000001, 0.62849999999999995, 0.58050000000000002, 
0.58350000000000002, 0.5534, 0.53549999999999998, 0.51380000000000003, 
0.5141, 0.50439999999999996, 0.52959999999999996, 0.52170000000000005, 
0.53690000000000004, 0.5323, 0.54920000000000002, 0.52890000000000004, 
0.52690000000000003, 0.51290000000000002, 0.5121, 0.51190000000000002, 
0.51580000000000004, 0.48949999999999999, 0.50370000000000004, 
0.45429999999999998, 0.46939999999999998, 0.45090000000000002, 
0.4133, 0.39860000000000001, 0.43880000000000002, 0.44230000000000003, 
0.4219, 0.42230000000000001, 0.41909999999999997, 0.41220000000000001, 
0.43109999999999998, 0.41880000000000001, 0.4123, 0.42209999999999998, 
0.42509999999999998, 0.44159999999999999, 0.4773, 0.48359999999999997, 
0.46629999999999999, 0.4788, 0.50029999999999997, 0.52429999999999999, 
0.55410000000000004, 0.55069999999999997, 0.58040000000000003, 
0.58630000000000004, 0.57899999999999996, 0.58440000000000003, 
0.61040000000000005, 0.64670000000000005, 0.67630000000000001, 
0.64770000000000005, 0.62719999999999998, 0.63400000000000001, 
0.64049999999999996, 0.65569999999999995, 0.68079999999999996, 
0.71630000000000005, 0.69350000000000001, 0.72199999999999998, 
0.71199999999999997, 0.7117, 0.68200000000000005, 0.70630000000000004, 
0.68069999999999997, 0.68359999999999999, 0.67769999999999997, 
0.68110000000000004, 0.62250000000000005, 0.6421, 0.62229999999999996, 
0.61809999999999998, 0.63929999999999998, 0.66410000000000002, 
0.68600000000000005, 0.69920000000000004, 0.68279999999999996, 
0.74739999999999995, 0.73609999999999998, 0.78549999999999998, 
0.72099999999999997, 0.76200000000000001, 0.75280000000000002, 
0.77039999999999997, 0.79079999999999995, 0.7863, 0.76359999999999995, 
0.7591, 0.71450000000000002, 0.6875, 0.58199999999999996, 0.5544, 
0.51290000000000002, 0.52449999999999997, 0.56420000000000003, 
0.62629999999999997, 0.65839999999999999, 0.67230000000000001, 
0.74450000000000005, 0.71020000000000005, 0.7389, 0.6915, 0.7157, 
0.67820000000000003, 0.69440000000000002, 0.71209999999999996, 
0.73699999999999999, 0.78369999999999995, 0.747, 0.76980000000000004, 
0.73899999999999999, 0.78949999999999998, 0.8044, 0.87919999999999998, 
0.82250000000000001, 0.80679999999999996, 0.7792, 0.80589999999999995, 
0.81999999999999995, 0.82169999999999999, 0.75239999999999996, 
0.78990000000000005, 0.81259999999999999, 0.81679999999999997, 
0.81230000000000002, 0.83320000000000005, 0.85129999999999995, 
0.83679999999999999, 0.82479999999999998, 0.77349999999999997, 
0.79659999999999997, 0.83730000000000004, 0.82569999999999999, 
0.82640000000000002, 0.82140000000000002, 0.85399999999999998, 
0.85719999999999996, 0.84909999999999997, 0.86639999999999995, 
0.83260000000000001, 0.7984, 0.78710000000000002, 0.77810000000000001, 
0.75539999999999996, 0.75629999999999997, 0.73350000000000004, 
0.66910000000000003, 0.65469999999999995, 0.63849999999999996, 
0.65239999999999998, 0.67279999999999995, 0.64839999999999998, 
0.67490000000000006, 0.68520000000000003, 0.69579999999999997, 
0.71160000000000001, 0.72360000000000002, 0.71560000000000001, 
0.70099999999999996, 0.69340000000000002, 0.71899999999999997, 
0.70279999999999998, 0.69179999999999997, 0.72540000000000004, 
0.75139999999999996, 0.72650000000000003, 0.69630000000000003, 
0.68910000000000005, 0.72419999999999995, 0.72970000000000002, 
0.72440000000000004, 0.71199999999999997, 0.69330000000000003, 
0.69110000000000005))
